1.000000000000001e-09	5.995214293962258e-03
1.023340307012934e-09	6.129485024492677e-03
1.047225383957322e-09	6.266762925107942e-03
1.071667945930622e-09	6.407115345347966e-03
1.096681004804563e-09	6.550611143134363e-03
1.122277876151953e-09	6.697320718552735e-03
1.148472186335159e-09	6.847316048391417e-03
1.175277879760036e-09	7.000670721453911e-03
1.202709226299144e-09	7.157459974661955e-03
1.230780828888250e-09	7.317760729967366e-03
1.259507631300134e-09	7.481651632090591e-03
1.288904926099811e-09	7.649213087104234e-03
1.318988362785463e-09	7.820527301880957e-03
1.349773956119357e-09	7.995678324424722e-03
1.381278094653245e-09	8.174752085105460e-03
1.413517549452691e-09	8.357836438816985e-03
1.446509483025081e-09	8.545021208079314e-03
1.480271458456006e-09	8.736398227106342e-03
1.514821448758851e-09	8.932061386860214e-03
1.550177846442654e-09	9.132106681114983e-03
1.586359473303273e-09	9.336632253551969e-03
1.623385590443047e-09	9.545738445909568e-03
1.661275908524359e-09	9.759527847211768e-03
1.700050598262501e-09	9.978105344099009e-03
1.739730301163469e-09	1.020157817228647e-02
1.780336140512327e-09	1.043005596917450e-02
1.821889732618099e-09	1.066365082763759e-02
1.864413198321117e-09	1.090247735101810e-02
1.907929174768896e-09	1.114665270935130e-02
1.952460827466935e-09	1.139629669684993e-02
1.998031862610732e-09	1.165153179067605e-02
2.044666539705689e-09	1.191248321102946e-02
2.092389684481492e-09	1.217927898258130e-02
2.141226702107977e-09	1.245204999728408e-02
2.191203590719468e-09	1.273093007858834e-02
2.242346955254702e-09	1.301605604709713e-02
2.294684021619863e-09	1.330756778769140e-02
2.348242651182135e-09	1.360560831815845e-02
2.403051355601590e-09	1.391032385935764e-02
2.459139312009177e-09	1.422186390695722e-02
2.516536378539036e-09	1.454038130477804e-02
2.575273110223352e-09	1.486603231978006e-02
2.635380775258117e-09	1.519897671872772e-02
2.696891371648623e-09	1.553937784657292e-02
2.759837644243423e-09	1.588740270659310e-02
2.824253102165915e-09	1.624322204232453e-02
2.890172036652697e-09	1.660701042132996e-02
2.957629539308355e-09	1.697894632084294e-02
3.026661520786332e-09	1.735921221533019e-02
3.097304729905717e-09	1.774799466601462e-02
3.169596773214327e-09	1.814548441240379e-02
3.243576135008340e-09	1.855187646586802e-02
3.319282197819259e-09	1.896737020531463e-02
3.396755263378924e-09	1.939216947500435e-02
3.476036574073973e-09	1.982648268455891e-02
3.557168334901045e-09	2.027052291120859e-02
3.640193735934320e-09	2.072450800432905e-02
3.725156975317570e-09	2.118866069232000e-02
3.812103282792852e-09	2.166320869187761e-02
3.901078943778248e-09	2.214838481971356e-02
3.992131324007722e-09	2.264442710677688e-02
4.085308894745995e-09	2.315157891503357e-02
4.180661258592034e-09	2.367008905686200e-02
4.278239175884648e-09	2.420021191712167e-02
4.378094591724539e-09	2.474220757795648e-02
4.480280663627053e-09	2.529634194639319e-02
4.584851789820217e-09	2.586288688479683e-02
4.691863638203417e-09	2.644212034424873e-02
4.801373175981886e-09	2.703432650091115e-02
4.913438699992966e-09	2.763979589544654e-02
5.028119867740029e-09	2.825882557555836e-02
5.145477729150893e-09	2.889171924172515e-02
5.265574759077486e-09	2.953878739619846e-02
5.388474890553907e-09	3.020034749533698e-02
5.514243548830917e-09	3.087672410535327e-02
5.642947686204697e-09	3.156824906154818e-02
5.774655817658637e-09	3.227526163111204e-02
5.909438057336811e-09	3.299810867957104e-02
6.047366155868942e-09	3.373714484096223e-02
6.188513538566545e-09	3.449273269181998e-02
6.332955344510383e-09	3.526524292905793e-02
6.480768466550452e-09	3.605505455183612e-02
6.632031592239453e-09	3.686255504750045e-02
6.786825245721794e-09	3.768814058168733e-02
6.945231830600068e-09	3.853221619268469e-02
7.107335673802244e-09	3.939519599014705e-02
7.273223070472762e-09	4.027750335826118e-02
7.442982329911146e-09	4.117957116346067e-02
7.616703822583082e-09	4.210184196679372e-02
7.794480028228754e-09	4.304476824104730e-02
7.976405585093790e-09	4.400881259273273e-02
8.162577340309554e-09	4.499444798904433e-02
8.353094401449163e-09	4.600215798990040e-02
8.548058189287000e-09	4.703243698518172e-02
8.747572491789378e-09	4.808579043728203e-02
8.951743519365632e-09	4.916273512909210e-02
9.160679961408629e-09	5.026379941753690e-02
9.374493044155133e-09	5.138952349279206e-02
9.593296589896320e-09	5.254045964330403e-02
9.817207077570592e-09	5.371717252674742e-02
1.004634370477063e-08	5.492023944705063e-02
1.028082845119743e-08	5.615025063762433e-02
1.052078614359564e-08	5.740780955093484e-02
1.076634452220457e-08	5.869353315456283e-02
1.101763430875984e-08	6.000805223389102e-02
1.127478927608248e-08	6.135201170157266e-02
1.153794631929238e-08	6.272607091393095e-02
1.180724552868340e-08	6.413090399444292e-02
1.208283026429996e-08	6.556720016447007e-02
1.236484723225384e-08	6.703566408139502e-02
1.265344656282266e-08	6.853701618433243e-02
1.294878189037069e-08	7.007199304758038e-02
1.325101043513545e-08	7.164134774198996e-02
1.356029308692304e-08	7.324585020442685e-02
1.387679449075719e-08	7.488628761550897e-02
1.420068313452684e-08	7.656346478580159e-02
1.453213143868003e-08	7.827820455066391e-02
1.487131584801112e-08	8.003134817393892e-02
1.521841692559000e-08	8.182375576068210e-02
1.557361944888404e-08	8.365630667913587e-02
1.593711250812358e-08	8.552989999215500e-02
1.630908960696284e-08	8.744545489829168e-02
1.668974876549079e-08	8.940391118276232e-02
1.707929262564601e-08	9.140622967851214e-02
1.747792855909232e-08	9.345339273760833e-02
1.788586877761165e-08	9.554640471318725e-02
1.830333044607414e-08	9.768629245219849e-02
1.873053579804462e-08	9.987410579918296e-02
1.916771225408771e-08	1.021109181113357e-01
1.961509254283368e-08	1.043978267851004e-01
2.007291482487045e-08	1.067359537945617e-01
2.054142281952739e-08	1.091264462418942e-01
2.102086593461763e-08	1.115704769201377e-01
2.151149939920924e-08	1.140692448885786e-01
2.201358439949531e-08	1.166239760610185e-01
2.252738821783465e-08	1.192359238072142e-01
2.305318437503837e-08	1.219063695677911e-01
2.359125277597752e-08	1.246366234829286e-01
2.414187985858855e-08	1.274280250351219e-01
2.470535874635736e-08	1.302819437063436e-01
2.528198940436191e-08	1.331997796499209e-01
2.587207879895744e-08	1.361829643774622e-01
2.647594106118791e-08	1.392329614611653e-01
2.709389765401236e-08	1.423512672518576e-01
2.772627754343390e-08	1.455394116131166e-01
2.837341737362345e-08	1.487989586718332e-01
2.903566164612991e-08	1.521315075855816e-01
2.971336290327413e-08	1.555386933271786e-01
3.040688191582325e-08	1.590221874868152e-01
3.111658787504458e-08	1.625836990921474e-01
3.184285858924293e-08	1.662249754467594e-01
3.258608068488528e-08	1.699478029874054e-01
3.334664981241871e-08	1.737540081604448e-01
3.412497085689334e-08	1.776454583179124e-01
3.492145815350051e-08	1.816240626336539e-01
3.573653570814251e-08	1.856917730399830e-01
3.657063742314921e-08	1.898505851853098e-01
3.742420732826418e-08	1.941025394132231e-01
3.829769981702140e-08	1.984497217634965e-01
3.919157988863984e-08	2.028942649955170e-01
4.010632339556260e-08	2.074383496346293e-01
4.104241729677487e-08	2.120842050419185e-01
4.200035991703452e-08	2.168341105079533e-01
4.298066121215180e-08	2.216903963710188e-01
4.398384304046214e-08	2.266554451603986e-01
4.501043944063520e-08	2.317316927652646e-01
4.606099691596666e-08	2.369216296297363e-01
4.713607472530710e-08	2.422278019747148e-01
4.823624518078016e-08	2.476528130470750e-01
4.936209395245069e-08	2.531993243968415e-01
5.051422038010215e-08	2.588700571829591e-01
5.169323779229252e-08	2.646677935083157e-01
5.289977383285720e-08	2.705953777846650e-01
5.413447079503082e-08	2.766557181281107e-01
5.539798596336951e-08	2.828517877858525e-01
5.669099196365252e-08	2.891866265948811e-01
5.801417712095190e-08	2.956633424733489e-01
5.936824582605761e-08	3.022851129453306e-01
6.075391891045688e-08	3.090551866997432e-01
6.217193403006579e-08	3.159768851841795e-01
6.362304605791537e-08	3.230536042344282e-01
6.510802748600487e-08	3.302888157404988e-01
6.662766883653472e-08	3.376860693499598e-01
6.818277908273549e-08	3.452489942094144e-01
6.977418607952154e-08	3.529813007449916e-01
7.140273700419486e-08	3.608867824827055e-01
7.306929880743650e-08	3.689693179095919e-01
7.477475867482183e-08	3.772328723765147e-01
7.652002449911017e-08	3.856815000436014e-01
7.830602536355631e-08	3.943193458692406e-01
8.013371203650424e-08	4.031506476436343e-01
8.200405747752224e-08	4.121797380678812e-01
8.391805735535354e-08	4.214110468796344e-01
8.587673057795644e-08	4.308491030263682e-01
8.788111983491290e-08	4.404985368873041e-01
8.993229215249983e-08	4.503640825451124e-01
9.203133946171599e-08	4.604505801084929e-01
9.417937917956391e-08	4.707629780867580e-01
9.637755480390206e-08	4.813063358176123e-01
9.862703652218093e-08	4.920858259493052e-01
1.009290218343844e-07	5.031067369783603e-01
1.032847361905140e-07	5.143744758441572e-01
1.056954336429504e-07	5.258945705816134e-01
1.081623975140416e-07	5.376726730332766e-01
1.106869410792743e-07	5.497145616221677e-01
1.132704082663868e-07	5.620261441867053e-01
1.159141743708044e-07	5.746134608791438e-01
1.186196467877696e-07	5.874826871289137e-01
1.213882657615619e-07	6.006401366723293e-01
1.242215051522040e-07	6.140922646501564e-01
1.271208732200649e-07	6.278456707745529e-01
1.300879134287734e-07	6.419071025669343e-01
1.331242052668726e-07	6.562834586683534e-01
1.362313650886540e-07	6.709817922240310e-01
1.394110469746141e-07	6.860093143436762e-01
1.426649436119961e-07	7.013733976393077e-01
1.459947871958824e-07	7.170815798423124e-01
1.494023503513221e-07	7.331415675015193e-01
1.528894470769758e-07	7.495612397640742e-01
1.564579337107898e-07	7.663486522410159e-01
1.601097099182085e-07	7.835120409594181e-01
1.638467197034512e-07	8.010598264030425e-01
1.676709524443914e-07	8.190006176434860e-01
1.715844439515942e-07	8.373432165638606e-01
1.755892775520678e-07	8.560966221770593e-01
1.796875851983122e-07	8.752700350407332e-01
1.838815486032531e-07	8.948728617711559e-01
1.881734004016664e-07	9.149147196581806e-01
1.925654253387089e-07	9.354054413835500e-01
1.970599614861901e-07	9.563550798448769e-01
2.016594014872342e-07	9.777739130876785e-01
2.063661938299906e-07	9.996724493478564e-01
2.111828441510731e-07	1.022061432207110e+00
2.161119165694232e-07	1.044951845863817e+00
2.211560350513066e-07	1.068354920521972e+00
2.263178848071671e-07	1.092282137900793e+00
2.316002137210836e-07	1.116745236867741e+00
2.370058338135943e-07	1.141756219197696e+00
2.425376227386598e-07	1.167327355461118e+00
2.481985253155671e-07	1.193471191044069e+00
2.539915550965893e-07	1.220200552303077e+00
2.599197959712356e-07	1.247528552857843e+00
2.659864038079432e-07	1.275468600024876e+00
2.721946081340862e-07	1.304034401395214e+00
2.785477138552003e-07	1.333239971559479e+00
2.850491030143314e-07	1.363099638983533e+00
2.917022365924471e-07	1.393628053038122e+00
2.985106563508731e-07	1.424840191185967e+00
3.054779867167347e-07	1.456751366329833e+00
3.126079367123960e-07	1.489377234325124e+00
3.199043019299424e-07	1.522733801660773e+00
3.273709665517448e-07	1.556837433312146e+00
3.350119054181832e-07	1.591704860769818e+00
3.428311861436308e-07	1.627353190248149e+00
3.508329712818306e-07	1.663799911077738e+00
3.590215205418081e-07	1.701062904285811e+00
3.674011930555041e-07	1.739160451368769e+00
3.759764496983368e-07	1.778111243261238e+00
3.847518554639280e-07	1.817934389505979e+00
3.937320818942519e-07	1.858649427629165e+00
4.029219095665044e-07	1.900276332725622e+00
4.123262306380231e-07	1.942835527258781e+00
4.219500514506002e-07	1.986347891080072e+00
4.317984951955802e-07	2.030834771672727e+00
4.418768046411668e-07	2.076317994625019e+00
4.521903449233848e-07	2.122819874338060e+00
4.627446064021808e-07	2.170363224973402e+00
4.735452075841858e-07	2.218971371645823e+00
4.845978981137031e-07	2.268668161866817e+00
4.959085618334991e-07	2.319477977244348e+00
5.074832199170352e-07	2.371425745444638e+00
5.193280340738098e-07	2.424536952421867e+00
5.314493098295147e-07	2.478837654921778e+00
5.438534998827470e-07	2.534354493265297e+00
5.565472075400677e-07	2.591114704418460e+00
5.695371902312426e-07	2.649146135355086e+00
5.828303631065232e-07	2.708477256718703e+00
5.964338027178887e-07	2.769137176790433e+00
6.103547507862134e-07	2.831155655769740e+00
6.246006180563661e-07	2.894563120375028e+00
6.391789882422695e-07	2.959390678771160e+00
6.540976220640589e-07	3.025670135831379e+00
6.693644613794625e-07	3.093434008741021e+00
6.849876334116060e-07	3.162715542950666e+00
7.009754550754954e-07	3.233548728486597e+00
7.173364374054855e-07	3.305968316626554e+00
7.340792900860934e-07	3.380009836949008e+00
7.512129260885389e-07	3.455709614764156e+00
7.687464664155280e-07	3.533104788935434e+00
7.866892449567726e-07	3.612233330100109e+00
8.050508134578364e-07	3.693134059297951e+00
8.238409466049526e-07	3.775846667017089e+00
8.430696472285362e-07	3.860411732666498e+00
8.627471516281357e-07	3.946870744484533e+00
8.828839350216700e-07	4.035266119893345e+00
9.034907171218608e-07	4.125641226309200e+00
9.245784678428187e-07	4.218040402418849e+00
9.461584131398176e-07	4.312508979932413e+00
9.682420409853690e-07	4.409093305823419e+00
9.908411074847949e-07	4.507840765067013e+00
1.013967643134525e-06	4.608799803887345e+00
1.037633959226465e-06	4.712019953525637e+00
1.061852654401854e-06	4.817551854540572e+00
1.086636621358090e-06	4.925447281652949e+00
1.111999053712084e-06	5.035759169146719e+00
1.137953453023813e-06	5.148541636838907e+00
1.164513635983815e-06	5.263850016631233e+00
1.191693741768424e-06	5.381740879656334e+00
1.219508239566691e-06	5.502272064031947e+00
1.247971936282977e-06	5.625502703236730e+00
1.277099984419344e-06	5.751493255121605e+00
1.306907890141904e-06	5.880305531570786e+00
1.337411521535438e-06	6.012002728827133e+00
1.368627117050707e-06	6.146649458496727e+00
1.400571294148897e-06	6.284311779247787e+00
1.433261058147833e-06	6.425057229219491e+00
1.466713811274680e-06	6.568954859156713e+00
1.500947361929940e-06	6.716075266286877e+00
1.535979934167638e-06	6.866490628955363e+00
1.571830177396813e-06	7.020274742036783e+00
1.608517176309445e-06	7.177503053139318e+00
1.646060461040084e-06	7.338252699619826e+00
1.684480017562607e-06	7.502602546427971e+00
1.723796298329666e-06	7.670633224798002e+00
1.764030233160438e-06	7.842427171806999e+00
1.805203240382499e-06	8.018068670819071e+00
1.847337238233766e-06	8.197643892835419e+00
1.890454656530563e-06	8.381240938770485e+00
1.934578448608015e-06	8.568949882674877e+00
1.979732103539127e-06	8.760862815926309e+00
2.025939658639087e-06	8.957073892410396e+00
2.073225712261401e-06	9.157679374713188e+00
2.121615436892689e-06	9.362777681348270e+00
2.171134592553139e-06	9.572469435041629e+00
2.221809540509725e-06	9.786857512097933e+00
2.273667257309486e-06	1.000604709287237e+01
2.326735349140340e-06	1.023014571337284e+01
2.381042066527115e-06	1.045926331801801e+01
2.436616319370568e-06	1.069351231357679e+01
2.493487692337400e-06	1.093300762431589e+01
2.551686460609521e-06	1.117786674838253e+01
2.611243606000888e-06	1.142820981544994e+01
2.672190833450507e-06	1.168415964565380e+01
2.734560587900384e-06	1.194584180984864e+01
2.798386071567441e-06	1.221338469121393e+01
2.863701261618541e-06	1.248691954823979e+01
2.930540928258043e-06	1.276658057912324e+01
2.998940653237546e-06	1.305250498760695e+01
3.068936848797672e-06	1.334483305029234e+01
3.140566777051914e-06	1.364370818546037e+01
3.213868569822918e-06	1.394927702343342e+01
3.288881248941796e-06	1.426168947851342e+01
3.365644747021177e-06	1.458109882253078e+01
3.444199928713111e-06	1.490766176004062e+01
3.524588612463198e-06	1.524153850520332e+01
3.606853592772372e-06	1.558289286038659e+01
3.691038662978374e-06	1.593189229652824e+01
3.777188638568895e-06	1.628870803529861e+01
3.865349381038850e-06	1.665351513310305e+01
3.955567822304548e-06	1.702649256696610e+01
4.047891989687610e-06	1.740782332233868e+01
4.142371031482112e-06	1.779769448287231e+01
4.239055243118378e-06	1.819629732220350e+01
4.337996093937537e-06	1.860382739779418e+01
4.439246254590945e-06	1.902048464687356e+01
4.542859625079104e-06	1.944647348452864e+01
4.648891363445110e-06	1.988200290399205e+01
4.757397915137684e-06	2.032728657917530e+01
4.868437043059686e-06	2.078254296949913e+01
4.982067858317827e-06	2.124799542707092e+01
5.098350851690223e-06	2.172387230626317e+01
5.217347925828324e-06	2.221040707574575e+01
5.339122428210438e-06	2.270783843302708e+01
5.463739184864507e-06	2.321641042156132e+01
5.591264534877829e-06	2.373637255047742e+01
5.721766365712393e-06	2.426797991699044e+01
5.855314149344395e-06	2.481149333155403e+01
5.991978979247255e-06	2.536717944581574e+01
6.131833608237929e-06	2.593531088343860e+01
6.274952487206414e-06	2.651616637385195e+01
6.421411804749381e-06	2.711003088899844e+01
6.571289527728694e-06	2.771719578314304e+01
6.724665442776743e-06	2.833795893581382e+01
6.881621198770415e-06	2.897262489794377e+01
7.042240350296414e-06	2.962150504128546e+01
7.206608402131199e-06	3.028491771117274e+01
7.374812854758913e-06	3.096318838270282e+01
7.546943250951913e-06	3.165664982041713e+01
7.723091223438302e-06	3.236564224155769e+01
7.903350543682229e-06	3.309051348298043e+01
8.087817171802604e-06	3.383161917180644e+01
8.276589307656937e-06	3.458932289989500e+01
8.469767443117610e-06	3.536399640222480e+01
8.667454415568107e-06	3.615601973926940e+01
8.869755462648055e-06	3.696578148345804e+01
9.076778278275903e-06	3.779367890981199e+01
9.288633069979170e-06	3.864011819085033e+01
9.505432617562970e-06	3.950551459586162e+01
9.727292333147622e-06	4.039029269463752e+01
9.954330322607839e-06	4.129488656577038e+01
1.018666744844564e-05	4.221974000961481e+01
1.042442739413100e-05	4.316530676601984e+01
1.066773672994405e-05	4.413205073693679e+01
1.091672498035407e-05	4.512044621401276e+01
1.117152469297129e-05	4.613097811128211e+01
1.143227150910778e-05	4.716414220306813e+01
1.169910423598555e-05	4.822044536721420e+01
1.197216492062976e-05	4.930040583376141e+01
1.225159892548671e-05	5.040455343919586e+01
1.253755500580689e-05	5.153342988639078e+01
1.283018538883394e-05	5.268758901036935e+01
1.312964585484217e-05	5.386759705002081e+01
1.343609582006525e-05	5.507403292590070e+01
1.374969842156074e-05	5.630748852425416e+01
1.407062060405521e-05	5.756856898739939e+01
1.439903320881634e-05	5.885789301061453e+01
1.473511106459954e-05	6.017609314567483e+01
1.507903308071693e-05	6.152381611118631e+01
1.543098234227904e-05	6.290172310987151e+01
1.579114620765896e-05	6.431049015295947e+01
1.615971640823181e-05	6.575080839184258e+01
1.653688915044187e-05	6.722338445716009e+01
1.692286522025200e-05	6.872894080547604e+01
1.731785009003117e-05	7.026821607372241e+01
1.772205402793643e-05	7.184196544157889e+01
1.813569220984822e-05	7.345096100197044e+01
1.855898483391814e-05	7.509599213986124e+01
1.899215723779013e-05	7.677786591953243e+01
1.943544001855805e-05	7.849740748053455e+01
1.988906915552262e-05	8.025546044250611e+01
2.035328613581397e-05	8.205288731906043e+01
2.082833808294591e-05	8.389056994094018e+01
2.131447788837101e-05	8.576940988865087e+01
2.181196434610596e-05	8.769032893478240e+01
2.232106229049919e-05	8.965426949623702e+01
2.284204273721425e-05	9.166219509658698e+01
2.337518302750333e-05	9.371509083878497e+01
2.392076697584877e-05	9.581396388846404e+01
2.447908502104987e-05	9.795984396805929e+01
2.505043438083682e-05	1.001537838619981e+02
2.563511921009290e-05	1.023968599332037e+02
2.623345076276956e-05	1.046901726511657e+02
2.684574755758127e-05	1.070348471318401e+02
2.747233554756687e-05	1.094320336896377e+02
2.811354829360936e-05	1.118829084017783e+02
2.876972714200512e-05	1.143886736852819e+02
2.944122140617779e-05	1.169505588868826e+02
3.012838855263373e-05	1.195698208861571e+02
3.083159439125709e-05	1.222477447121566e+02
3.155121327004726e-05	1.249856441738536e+02
3.228762827440064e-05	1.277848625047043e+02
3.304123143104456e-05	1.306467730216501e+02
3.381242391673052e-05	1.335727797988766e+02
3.460161627179840e-05	1.365643183566617e+02
3.540922861872588e-05	1.396228563656541e+02
3.623569088577803e-05	1.427498943669210e+02
3.708144303587777e-05	1.459469665081267e+02
3.794693530081775e-05	1.492156412961957e+02
3.883262842093868e-05	1.525575223668324e+02
3.973899389040255e-05	1.559742492712793e+02
4.066651420818955e-05	1.594674982806897e+02
4.161568313495451e-05	1.630389832085213e+02
4.258700595587722e-05	1.666904562513431e+02
4.358099974964894e-05	1.704237088484780e+02
4.459819366373632e-05	1.742405725608950e+02
4.563912919607010e-05	1.781429199697857e+02
4.670436048330930e-05	1.821326655952681e+02
4.779445459583236e-05	1.862117668356617e+02
4.890999183961479e-05	1.903822249278044e+02
5.005156606515137e-05	1.946460859288707e+02
5.121978498359003e-05	1.990054417201849e+02
5.241527049024345e-05	2.034624310335124e+02
5.363865899565158e-05	2.080192405003359e+02
5.489060176437212e-05	2.126781057246352e+02
5.617176526167713e-05	2.174413123796883e+02
5.748283150834299e-05	2.223111973294414e+02
5.882449844372043e-05	2.272901497749908e+02
6.019748029727857e-05	2.323806124267410e+02
6.160250796882206e-05	2.375850827028191e+02
6.304032941758092e-05	2.429061139543228e+02
6.451171006038371e-05	2.483463167180169e+02
6.601743317912229e-05	2.539083599970781e+02
6.755830033772869e-05	2.595949725705302e+02
6.913513180888323e-05	2.654089443320021e+02
7.074876701068205e-05	2.713531276584683e+02
7.240006495349786e-05	2.774304388096494e+02
7.408990469726868e-05	2.836438593587461e+02
7.581918581946190e-05	2.899964376552252e+02
7.758882889395864e-05	2.964912903203581e+02
7.939977598111745e-05	3.031316037762608e+02
8.125299112927486e-05	3.099206358091752e+02
8.314946088795112e-05	3.168617171677607e+02
8.509019483303579e-05	3.239582531971876e+02
8.707622610422900e-05	3.312137255098199e+02
8.910861195502915e-05	3.386316936933242e+02
9.118843431555586e-05	3.462157970570266e+02
9.331680036850948e-05	3.539697564173836e+02
9.549484313857509e-05	3.618973759234455e+02
9.772372209558116e-05	3.700025449231952e+02
1.000000000000000e-04	3.782724490508119e+02
1.023322482307553e-04	3.867343947037397e+02
1.047188902796093e-04	3.953854455430300e+02
1.071611947454222e-04	4.042298151444249e+02
1.096604598139286e-04	4.132718105034057e+02
1.122180139477771e-04	4.225158340917807e+02
1.148352165926630e-04	4.319663859591197e+02
1.175134588999294e-04	4.416280658800106e+02
1.202541644660224e-04	4.515055755481278e+02
1.230587900891909e-04	4.616037208181070e+02
1.259288265438350e-04	4.719274139962619e+02
1.288657993729146e-04	4.824816761811940e+02
1.318712696988381e-04	4.932716396553872e+02
1.349468350532639e-04	5.043025503288413e+02
1.380941302262540e-04	5.155797702358996e+02
1.413148281352328e-04	5.271087792747837e+02
1.446106407142118e-04	5.388951692853955e+02
1.479833198237530e-04	5.509446492133886e+02
1.514346581821555e-04	5.632630530911806e+02
1.549664903183592e-04	5.758563428208711e+02
1.585806935470728e-04	5.887306109286060e+02
1.622791889666440e-04	6.018920833768341e+02
1.660639424802027e-04	6.153471224356736e+02
1.699369658406198e-04	6.291022296145637e+02
1.739003177198370e-04	6.431640486553881e+02
1.779561048031358e-04	6.575393685884302e+02
1.821064829089281e-04	6.722351268522993e+02
1.863536581346624e-04	6.872584124792141e+02
1.906998880294560e-04	7.026164693469317e+02
1.951474827940754e-04	7.183166994493331e+02
1.996988065089039e-04	7.343666578681338e+02
2.043562783905473e-04	7.507740456525867e+02
2.091223740777484e-04	7.675467275856507e+02
2.139996269472903e-04	7.846927378184348e+02
2.189906294605915e-04	8.022202833983064e+02
2.240980345417062e-04	8.201377478669795e+02
2.293245569874627e-04	8.384536949298375e+02
2.346729749104903e-04	8.571768721977966e+02
2.401461312159012e-04	8.763162150030677e+02
2.457469351124115e-04	8.958808502901122e+02
2.514783636587062e-04	9.158801005832111e+02
2.573434633458689e-04	9.363234880320775e+02
2.633453517167175e-04	9.572207385367790e+02
2.694872190229071e-04	9.785817859535925e+02
2.757723299206807e-04	1.000416771186352e+03
2.822040252061686e-04	1.022736006707898e+03
2.887857235911598e-04	1.045549998828385e+03
2.955209235202887e-04	1.068869472557483e+03
3.024132050306026e-04	1.092705376023031e+03
3.094662316544994e-04	1.117068884806182e+03
3.166837523670467e-04	1.141971406351391e+03
3.240696035787168e-04	1.167424584452402e+03
3.316277111745974e-04	1.193440303815204e+03
3.393620926011614e-04	1.220030694698960e+03
3.472768590017063e-04	1.247208137635992e+03
3.553762174015964e-04	1.274985268231913e+03
3.636644729444705e-04	1.303374982046759e+03
3.721460311806037e-04	1.332390439558465e+03
3.808254004086396e-04	1.362045070567264e+03
3.897071940719371e-04	1.392352530171731e+03
3.987961332108062e-04	1.423326663710485e+03
4.080970489719360e-04	1.454981581392275e+03
4.176148851763488e-04	1.487331670661875e+03
4.273547009472452e-04	1.520391600934174e+03
4.373216733991372e-04	1.554176328386461e+03
4.475211003896983e-04	1.588701100809152e+03
4.579584033357940e-04	1.623981462514661e+03
4.686391300951884e-04	1.660033259304554e+03
4.795689579154609e-04	1.696872643494739e+03
4.907536964516961e-04	1.734516078998622e+03
5.021992908545573e-04	1.772980346468033e+03
5.139118249303786e-04	1.812282548491805e+03
5.258975243749600e-04	1.852440114851593e+03
5.381627600827811e-04	1.893470783487924e+03
5.507140515333961e-04	1.935392468169507e+03
5.635580702568047e-04	1.978223344906613e+03
5.767016433796482e-04	2.021981915295438e+03
5.901517572541071e-04	2.066687010970315e+03
6.039155611714378e-04	2.112357797911316e+03
6.180003711621148e-04	2.159013780754558e+03
6.324136738846048e-04	2.206674807103099e+03
6.471631306048335e-04	2.255361071836143e+03
6.622565812684657e-04	2.305093121414131e+03
6.777020486681605e-04	2.355891858177346e+03
6.935077427080163e-04	2.407778544635243e+03
7.096820647674756e-04	2.460774807744313e+03
7.262336121670031e-04	2.514902643171107e+03
7.431711827379188e-04	2.570184415360472e+03
7.605037794988076e-04	2.626642684802444e+03
7.782406154409963e-04	2.684300128001832e+03
7.963911184256381e-04	2.743179750059902e+03
8.149649361950130e-04	2.803304903177690e+03
8.339719415006977e-04	2.864699288555727e+03
8.534222373513439e-04	2.927386958172985e+03
8.733261623828434e-04	2.991392316439878e+03
8.936942963537410e-04	3.056740121718822e+03
9.145374657688127e-04	3.123455487706605e+03
9.358667496338008e-04	3.191563884672440e+03
9.576934853443629e-04	3.261091140545071e+03
9.800292747123656e-04	3.332063441842800e+03
1.002885990132730e-03	3.404507334439642e+03
1.026275780894093e-03	3.478449724161112e+03
1.050211079636667e-03	3.553917743274477e+03
1.074704608960690e-03	3.630938192169828e+03
1.099769388189022e-03	3.709537944773633e+03
1.125418740287449e-03	3.789744141962568e+03
1.151666298946393e-03	3.871584186553131e+03
1.178526015827775e-03	3.955085737852930e+03
1.206012167980910e-03	4.040276705826141e+03
1.234139365431339e-03	4.127185244862056e+03
1.262922558946667e-03	4.215839747136514e+03
1.292377047983511e-03	4.306268835555014e+03
1.322518488819795e-03	4.398501356267176e+03
1.353362902876707e-03	4.492566370741411e+03
1.384926685234749e-03	4.588493147389411e+03
1.417226613348395e-03	4.686311152729274e+03
1.450279855964006e-03	4.786050011558199e+03
1.484103982245728e-03	4.887738692234926e+03
1.518716971114224e-03	4.991405336413288e+03
1.554137220803217e-03	5.097078041523348e+03
1.590383558638911e-03	5.204784885206553e+03
1.627475251047491e-03	5.314553905666749e+03
1.665432013796027e-03	5.426413081269291e+03
1.704274022472219e-03	5.540390309378043e+03
1.744021923208549e-03	5.656513384420658e+03
1.784696843656567e-03	5.774809975173278e+03
1.826320404217094e-03	5.895307601256612e+03
1.868914729532371e-03	6.018033608834904e+03
1.912502460246216e-03	6.143015145511939e+03
1.957106765038462e-03	6.270279134416899e+03
2.002751352940064e-03	6.399852247474603e+03
2.049460485935438e-03	6.531760379818934e+03
2.097258991858698e-03	6.666027109408869e+03
2.146172277590679e-03	6.802674987098549e+03
2.196226342563749e-03	6.941725944407794e+03
2.247447792581576e-03	7.083201251790470e+03
2.299863853961210e-03	7.227121475879112e+03
2.353502388005003e-03	7.373506435715835e+03
2.408391905810034e-03	7.522375157984595e+03
2.464561583422944e-03	7.673745831258891e+03
2.522041277348202e-03	7.827635759284233e+03
2.580861540418075e-03	7.984061313314997e+03
2.641053638032721e-03	8.143037883529458e+03
2.702649564779039e-03	8.304579829547660e+03
2.765682061437116e-03	8.468700430081206e+03
2.830184632383301e-03	8.635411694263785e+03
2.896191563399171e-03	8.804721884543053e+03
2.963737939895834e-03	8.976635546295276e+03
3.032859665563280e-03	9.151155461929802e+03
3.103593481454673e-03	9.328282653700046e+03
3.175976985515737e-03	9.508016314021470e+03
3.250048652569626e-03	9.690353735214012e+03
3.325847854767869e-03	9.875290238756312e+03
3.403414882518308e-03	1.006281910414556e+04
3.482790965901106e-03	1.025293149746178e+04
3.564018296584242e-03	1.044561639973965e+04
3.647140050250126e-03	1.064086053525923e+04
3.732200409545254e-03	1.083864829986858e+04
3.819244587565116e-03	1.103896168946144e+04
3.908318851886823e-03	1.124178022744552e+04
3.999470549162232e-03	1.144707882699178e+04
4.092748130284650e-03	1.165482335338174e+04
4.188201176142487e-03	1.186497623948371e+04
4.285880423973546e-03	1.207749954753740e+04
4.385837794333959e-03	1.229235624223699e+04
4.488126418696113e-03	1.250949835882126e+04
4.592800667690218e-03	1.272887384370217e+04
4.699916180004541e-03	1.295043243481366e+04
4.809529891959681e-03	1.317411406944821e+04
4.921700067772562e-03	1.339985450740654e+04
5.036486330526273e-03	1.362758749541573e+04
5.153949693862208e-03	1.385723846809250e+04
5.274152594411330e-03	1.408872937136281e+04
5.397158924981827e-03	1.432197837693308e+04
5.523034068520770e-03	1.455689482597130e+04
5.651844932867860e-03	1.479338310922754e+04
5.783659986319710e-03	1.503134299778575e+04
5.918549294023553e-03	1.527066843620734e+04
6.056584555219805e-03	1.551124589859663e+04
6.197839141353119e-03	1.575295561569930e+04
6.342388135072388e-03	1.599567226183784e+04
6.490308370140254e-03	1.623926134962907e+04
6.641678472273416e-03	1.648358377523294e+04
6.796578900935474e-03	1.672849601397706e+04
6.955091992104432e-03	1.697383971414062e+04
7.117302002037699e-03	1.721945139232770e+04
7.283295152057734e-03	1.746516379523899e+04
7.453159674382297e-03	1.771079932411578e+04
7.626985859023445e-03	1.795617232913631e+04
7.804866101780478e-03	1.820108907353334e+04
7.986894953352083e-03	1.844534664763189e+04
8.173169169593921e-03	1.868873470348121e+04
8.363787762948422e-03	1.893103475068460e+04
8.558852055073916e-03	1.917201885513157e+04
8.758465730701352e-03	1.941144917858821e+04
8.962734892746944e-03	1.964907821910929e+04
9.171768118710334e-03	1.988464971518961e+04
9.385676518387936e-03	2.011790194285949e+04
9.604573792932456e-03	2.034856202512779e+04
9.828576295289718e-03	2.057634451038631e+04
1.005780309204505e-02	2.080095423461678e+04
1.029237602671213e-02	2.102209106452034e+04
1.053241978449781e-02	2.123944687502479e+04
1.077806195857750e-02	2.145269883812508e+04
1.102943311791613e-02	2.166151686473402e+04
1.128666687667107e-02	2.186556439720653e+04
1.154989996521349e-02	2.206449654849132e+04
1.181927230280619e-02	2.225795422051454e+04
1.209492707197655e-02	2.244557368136122e+04
1.237701079462387e-02	2.262698961069107e+04
1.266567340990189e-02	2.280182014607756e+04
1.296106835391758e-02	2.296967835013381e+04
1.326335264128882e-02	2.313017588275455e+04
1.357268694860411e-02	2.328291821424942e+04
1.388923569982889e-02	2.342750562481046e+04
1.421316715370360e-02	2.356353417135720e+04
1.454465349318015e-02	2.369059626134019e+04
1.488387091694435e-02	2.380828403358701e+04
1.523099973307268e-02	2.391619121625711e+04
1.558622445487363e-02	2.401391408695274e+04
1.594973389896398e-02	2.410105181627636e+04
1.632172128563276e-02	2.417720561558897e+04
1.670238434154574e-02	2.424198055526994e+04
1.709192540484540e-02	2.429499659226355e+04
1.749055153270194e-02	2.433588415415827e+04
1.789847461137273e-02	2.436428501596850e+04
1.831591146882867e-02	2.437985982991484e+04
1.874308399000714e-02	2.438228369512552e+04
1.918021923475308e-02	2.437125134660709e+04
1.962754955851060e-02	2.434648763419729e+04
2.008531273582961e-02	2.430774222153757e+04
2.055375208675267e-02	2.425479479848502e+04
2.103311660614979e-02	2.418746209847849e+04
2.152366109606944e-02	2.410559571028324e+04
2.202564630117629e-02	2.400908709773564e+04
2.253933904734792e-02	2.389787353646561e+04
2.306501238350363e-02	2.377194397448067e+04
2.360294572674141e-02	2.363133536084587e+04
2.415342501085948e-02	2.347613606712787e+04
2.471674283834206e-02	2.330650013660476e+04
2.529319863588966e-02	2.312264352888855e+04
2.588309881357662e-02	2.292484435585435e+04
2.648675692772093e-02	2.271344876019892e+04
2.710449384755217e-02	2.248887284956779e+04
2.773663792576691e-02	2.225160355114465e+04
2.838352517306162e-02	2.200220428932841e+04
2.904549943673637e-02	2.174131639158923e+04
2.972291258346369e-02	2.146965165667623e+04
3.041612468632048e-02	2.118799192505531e+04
3.112550421618154e-02	2.089719615939234e+04
3.185142823757711e-02	2.059819479597400e+04
3.259428260911833e-02	2.029198045849838e+04
3.335446218859688e-02	1.997959325823230e+04
3.413237104286842e-02	1.966217000779914e+04
3.492842266263056e-02	1.934086180345267e+04
3.574304018221053e-02	1.901672170768685e+04
3.657665660447829e-02	1.869135814958095e+04
3.742971503100569e-02	1.836566985851407e+04
3.830266889759311e-02	1.803873786280332e+04
3.919598221528929e-02	1.771189827191958e+04
4.011012981703258e-02	1.738748393016364e+04
4.104559761004398e-02	1.706748875187485e+04
4.200288283410722e-02	1.675327550661961e+04
4.298249432587192e-02	1.644599276059364e+04
4.398495278932160e-02	1.614672520819715e+04
4.501079107254912e-02	1.585632161233553e+04
4.606055445098762e-02	1.557540014590143e+04
4.713480091724691e-02	1.530434055771729e+04
4.823410147770944e-02	1.504324328249174e+04
4.935904045604409e-02	1.479198251291682e+04
5.051021580379798e-02	1.455015936140442e+04
5.168823941823280e-02	1.431708310464322e+04
5.289373746757310e-02	1.409236142773890e+04
5.412735072384098e-02	1.387458230222793e+04
5.538973490345250e-02	1.366175012223835e+04
5.668156101575833e-02	1.345869550075300e+04
5.800351571971289e-02	1.326357210731171e+04
5.935630168886179e-02	1.306670147944162e+04
6.074063798484210e-02	1.286962723787118e+04
6.215726043959308e-02	1.267319990610902e+04
6.360692204648152e-02	1.247507715723218e+04
6.509039336054850e-02	1.227395819757080e+04
6.660846290809157e-02	1.206892577977342e+04
6.816193760579890e-02	1.185706958284200e+04
6.975164318965869e-02	1.163533644307770e+04
7.137842465387234e-02	1.140191071552096e+04
7.304314670000329e-02	1.115537672540278e+04
7.474669419660220e-02	1.089469119192422e+04
7.648997264955054e-02	1.061969054405736e+04
7.827390868337498e-02	1.033105997664115e+04
8.009945053378603e-02	1.003037365535839e+04
8.196756855170498e-02	9.720038014279025e+03
8.387925571904535e-02	9.403052202543988e+03
8.583552817652351e-02	9.082816689399015e+03
8.783742576378004e-02	8.762883575863805e+03
8.988601257209682e-02	8.446727798505162e+03
9.198237751000612e-02	8.137619890078847e+03
9.412763488208993e-02	7.838559747491105e+03
9.632292498127937e-02	7.552261950903920e+03
9.856941469496704e-02	7.281158870105745e+03
1.008682981252563e-01	7.027370286472557e+03
1.032207972236757e-01	6.792590038203591e+03
1.056281624406964e-01	6.577907538028949e+03
1.080916733903990e-01	6.383597357422512e+03
1.106126395306404e-01	6.208928586218012e+03
1.131924008590856e-01	6.052068581158625e+03
1.158323286254711e-01	5.910099899501772e+03
1.185338260604814e-01	5.779159999745472e+03
1.212983291216236e-01	5.654672844327835e+03
1.241273072564984e-01	5.531635290283014e+03
1.270222641838724e-01	5.405007383172401e+03
1.299847386929661e-01	5.270191559578719e+03
1.330163054613848e-01	5.123658525834942e+03
1.361185758921241e-01	4.963564720658918e+03
1.392931989700976e-01	4.790184084380667e+03
1.425418621386402e-01	4.605914414756079e+03
1.458662921964543e-01	4.414765531966259e+03
1.492682562154747e-01	4.221541387893046e+03
1.527495624801394e-01	4.031103159004227e+03
1.563120614485690e-01	3.848003064651190e+03
1.599576467361604e-01	3.676459008113409e+03
1.636882561221225e-01	3.520209952441674e+03
1.675058725794850e-01	3.381952894314756e+03
1.714125253291314e-01	3.262399282049549e+03
1.754102909184131e-01	3.159620928120857e+03
1.795012943249206e-01	3.069249922513638e+03
1.836877100859966e-01	2.985663505591478e+03
1.879717634545922e-01	2.903386159482278e+03
1.923557315820817e-01	2.817954500190616e+03
1.968419447286612e-01	2.726122718128267e+03
2.014327875019800e-01	2.626065676926374e+03
2.061307001246560e-01	2.517967931224565e+03
2.109381797313570e-01	2.404482367570284e+03
2.158577816961291e-01	2.290219662218942e+03
2.208921209906847e-01	2.180337370392355e+03
2.260438735743681e-01	2.079057758436585e+03
2.313157778165371e-01	1.989121548712345e+03
2.367106359521214e-01	1.910908440953132e+03
2.422313155711243e-01	1.843016476249683e+03
2.478807511428675e-01	1.781557817826264e+03
2.536619455757800e-01	1.722296541973475e+03
2.595779718135708e-01	1.661253453421215e+03
2.656319744686234e-01	1.596359151888326e+03
2.718271714934883e-01	1.527373753053473e+03
2.781668558913576e-01	1.456564787840812e+03
2.846543974664315e-01	1.387009958367471e+03
2.912932446151099e-01	1.322038078773527e+03
2.980869261589555e-01	1.263471961082730e+03
3.050390532204109e-01	1.211592058343981e+03
3.121533211422567e-01	1.164574449201190e+03
3.194335114518410e-01	1.119907060773965e+03
3.268834938711161e-01	1.075116261839000e+03
3.345072283735570e-01	1.029034117267078e+03
3.423087672890479e-01	9.820167771404020e+02
3.502922574578671e-01	9.357573017553279e+02
3.584619424349010e-01	8.921823705195578e+02
3.668221647452709e-01	8.522261879363097e+02
3.753773681925607e-01	8.157465622244847e+02
3.841321002208876e-01	7.814281128178761e+02
3.930910143320525e-01	7.479604033603823e+02
4.022588725590700e-01	7.144234781388394e+02
4.116405479973859e-01	6.812736731363135e+02
4.212410273951264e-01	6.493290911739720e+02
4.310654138037648e-01	6.193506219627977e+02
4.411189292906011e-01	5.914089784864235e+02
4.514069177145089e-01	5.650021411156733e+02
4.619348475664126e-01	5.394980711478530e+02
4.727083148760225e-01	5.145083532855670e+02
4.837330461863518e-01	4.903117238124359e+02
4.950149015976118e-01	4.672310936605444e+02
5.065598778820981e-01	4.454780911043323e+02
5.183741116717197e-01	4.248526339912255e+02
5.304638827198770e-01	4.050269246711314e+02
5.428356172394073e-01	3.858998993527866e+02
5.554958913183841e-01	3.675146147131996e+02
5.684514344155756e-01	3.500314592808527e+02
5.817091329374361e-01	3.334208182942352e+02
5.952760338985115e-01	3.175405106471418e+02
6.091593486672200e-01	3.023191553811407e+02
6.233664567989929e-01	2.877402318257703e+02
6.379049099588096e-01	2.738453609546336e+02
6.527824359352251e-01	2.606185181292935e+02
6.680069427480059e-01	2.479946547139394e+02
6.835865228515702e-01	2.359387397213170e+02
6.995294574364577e-01	2.244288848501106e+02
7.158442208311318e-01	2.134438167414578e+02
7.325394850064301e-01	2.029628276346190e+02
7.496241241850767e-01	1.929657805101625e+02
7.671072195586995e-01	1.834331122507376e+02
7.849980641148536e-01	1.743458349670682e+02
8.033061675766358e-01	1.656855356318946e+02
8.220412614574902e-01	1.574343738431531e+02
8.412133042339127e-01	1.495748589209178e+02
8.608324866387864e-01	1.420895312252093e+02
8.809092370781866e-01	1.349615508779403e+02
9.014542271745027e-01	1.281747852340673e+02
9.224783774388491e-01	1.217137817210644e+02
9.439928630757688e-01	1.155637415980841e+02
9.660091199233098e-01	1.097104946094904e+02
9.885388505316561e-01	1.041404745078679e+02
1.011594030383510e+00	9.884069542204774e+01
1.035186914259557e+00	9.379873118992512e+01
1.059330042752386e+00	8.900275090646215e+01
1.084036248932339e+00	8.444149040490397e+01
1.109318665168809e+00	8.010415817723218e+01
1.135190730110647e+00	7.598041461184725e+01
1.161666195829353e+00	7.206035580373489e+01
1.188759135128866e+00	6.833449777748170e+01
1.216483949025851e+00	6.479376112329730e+01
1.244855374404429e+00	6.142945604531896e+01
1.273888491849439e+00	5.823326782068023e+01
1.303598733662395e+00	5.519724021276054e+01
1.334001892064385e+00	5.231374600968032e+01
1.365114127590299e+00	4.957548771177684e+01
1.396951977678815e+00	4.697549433150922e+01
1.429532365462733e+00	4.450710819600065e+01
1.462872608764312e+00	4.216397214420429e+01
1.496990429300422e+00	3.994001717190273e+01
1.531903962102358e+00	3.782945051329098e+01
1.567631765155361e+00	3.582674414791447e+01
1.604192829262958e+00	3.392662372132811e+01
1.641606588141347e+00	3.212405732122411e+01
1.679892928749236e+00	3.041424431004274e+01
1.719072201858574e+00	2.879260701358979e+01
1.759165232871830e+00	2.725478146191633e+01
1.800193332891546e+00	2.579660815730094e+01
1.842178310048084e+00	2.441412319671424e+01
1.885142481091539e+00	2.310354973775814e+01
1.929108683254013e+00	2.186128979726710e+01
1.974100286388556e+00	2.068391637194334e+01
2.020141205391189e+00	1.956816583916687e+01
2.067255912912684e+00	1.851092971834042e+01
2.115469452366774e+00	1.750924775686037e+01
2.164807451241772e+00	1.656030256047642e+01
2.215296134722617e+00	1.566141319363097e+01
2.266962339630676e+00	1.481002896496278e+01
2.319833528688602e+00	1.400372347213097e+01
2.373937805117911e+00	1.324018889653386e+01
2.429303927577009e+00	1.251723053876183e+01
2.485961325447593e+00	1.183276158587550e+01
2.543940114477606e+00	1.118479804269937e+01
2.603271112788985e+00	1.057145351959957e+01
2.663985857258775e+00	9.990935000339645e+00
2.726116620282265e+00	9.441538726885261e+00
2.789696426927124e+00	8.921645982023296e+00
2.854759072487576e+00	8.429719055511702e+00
2.921339140447995e+00	7.964297388760452e+00
2.989472020865461e+00	7.523993890904342e+00
3.059193929181022e+00	7.107491419370866e+00
3.130541925469720e+00	6.713539418223362e+00
3.203553934139541e+00	6.340950540773701e+00
3.278268764089808e+00	5.988597280771572e+00
3.354726129339697e+00	5.655409566521851e+00
3.432966670137909e+00	5.340372066367221e+00
3.513031974564620e+00	5.042521503413468e+00
3.594964600637272e+00	4.760944094979500e+00
3.678808098931921e+00	4.494773111397027e+00
3.764607035732144e+00	4.243186548990691e+00
3.852407016717897e+00	4.005404912271496e+00
3.942254711206794e+00	3.780689099454972e+00
4.034197876960790e+00	3.568338348861417e+00
4.128285385571377e+00	3.367688320462901e+00
4.224567248436895e+00	3.178109327110437e+00
4.323094643345633e+00	2.999004596076623e+00
4.423919941678940e+00	2.829808610077847e+00
4.527096736248787e+00	2.669985528112392e+00
4.632679869784531e+00	2.519027682504271e+00
4.740725464084139e+00	2.376454148692515e+00
4.851290949845207e+00	2.241809384449928e+00
4.964435097191774e+00	2.114661919471720e+00
5.080218046913026e+00	1.994603000433329e+00
5.198701342430667e+00	1.881245520167065e+00
5.319947962511759e+00	1.774222990380151e+00
5.444022354744543e+00	1.673188477061979e+00
5.570990469795007e+00	1.577813587974106e+00
5.700919796462347e+00	1.487787510660740e+00
5.833879397552121e+00	1.402816098574444e+00
5.969939946585929e+00	1.322621003019572e+00
6.109173765367334e+00	1.246938848718483e+00
6.251654862423893e+00	1.175520443512140e+00
6.397458972345703e+00	1.108130019859411e+00
6.546663596041533e+00	1.044544553657291e+00
6.699348041933714e+00	9.845530993686666e-01
6.855593468113867e+00	9.279561530664489e-01
7.015482925481729e+00	8.745650479933297e-01
7.179101401890218e+00	8.242013810430304e-01
7.346535867319933e+00	7.766964686431622e-01
7.517875320107307e+00	7.318908305907822e-01
7.693210834250914e+00	6.896337001088479e-01
7.872635607821008e+00	6.497825446714004e-01
8.056245012498227e+00	6.122026243313717e-01
8.244136644267529e+00	5.767665970505661e-01
8.436410375294525e+00	5.433541234584502e-01
8.633168407011590e+00	5.118514905349697e-01
8.834515324442245e+00	4.821512549658398e-01
9.040558151792355e+00	4.541519051758757e-01
9.251406409337939e+00	4.277575410941101e-01
9.467172171639724e+00	4.028775707503970e-01
9.687970127115351e+00	3.794264215435099e-01
9.913917639001102e+00	3.573232567555870e-01
1.014513480773525e+01	3.364917262528334e-01
1.038174453479641e+01	3.168597305624930e-01
1.062387258803074e+01	2.983591890430841e-01
1.087164766850278e+01	2.809258202997114e-01
1.112520147890539e+01	2.644989343186028e-01
1.138466879356513e+01	2.490212357125965e-01
1.165018753008042e+01	2.344386374999666e-01
1.192189882263040e+01	2.207000848678767e-01
1.219994709699364e+01	2.077573873684685e-01
1.248448014731636e+01	1.955650587467138e-01
1.277564921467116e+01	1.840801712939387e-01
1.307360906744784e+01	1.732622154341495e-01
1.337851808361925e+01	1.630729659384764e-01
1.369053833492575e+01	1.534763553875495e-01
1.400983567302293e+01	1.444383544987326e-01
1.433657981763876e+01	1.359268589547907e-01
1.467094444678646e+01	1.279115823892934e-01
1.501310728908174e+01	1.203639551496058e-01
1.536325021821274e+01	1.132570260050503e-01
1.572155934961355e+01	1.065653712392033e-01
1.608822513939206e+01	1.002650134600187e-01
1.646344248556546e+01	9.433334093688951e-02
1.684741083165648e+01	8.874903102200303e-02
1.724033427270587e+01	8.349197778960812e-02
1.764242166375739e+01	7.854322366562816e-02
1.805388673087276e+01	7.388489483202931e-02
1.847494818473611e+01	6.950014020173684e-02
1.890582983690758e+01	6.537307364247832e-02
1.934676071878851e+01	6.148871830063096e-02
1.979797520336092e+01	5.783295604376718e-02
2.025971312976668e+01	5.439247984414607e-02
2.073221993079176e+01	5.115474784234535e-02
2.121574676332395e+01	4.810793995711046e-02
2.171055064185314e+01	4.524091691721450e-02
2.221689457508500e+01	4.254318158253587e-02
2.273504770574120e+01	4.000484242870009e-02
2.326528545361972e+01	3.761657907638559e-02
2.380788966199199e+01	3.536960944448193e-02
2.436314874741397e+01	3.325565824425685e-02
2.493135785303182e+01	3.126692915696941e-02
2.551281900546243e+01	2.939607777155248e-02
2.610784127533313e+01	2.763618571125032e-02
2.671674094156554e+01	2.598073622137565e-02
2.733984165949069e+01	2.442359113693502e-02
2.797747463288546e+01	2.295896915331112e-02
2.862997879002096e+01	2.158142532738820e-02
2.929770096381689e+01	2.028583173303474e-02
2.998099607619750e+01	1.906735876728009e-02
3.068022732674743e+01	1.792145782143410e-02
3.139576638576721e+01	1.684384584468221e-02
3.212799359183134e+01	1.583049007380985e-02
3.287729815395407e+01	1.487759356334481e-02
3.364407835846981e+01	1.398158154254303e-02
3.442874178073916e+01	1.313908855256633e-02
3.523170550179176e+01	1.234694631979683e-02
3.605339633002222e+01	1.160217232368632e-02
3.689425102805644e+01	1.090195897992550e-02
3.775471654490870e+01	1.024366305900251e-02
3.863525025355403e+01	9.624796392313525e-03
3.953632019404044e+01	9.043017199338687e-03
4.045840532227177e+01	8.496121560666059e-03
4.140199576459227e+01	7.982035376626678e-03
4.236759307830936e+01	7.498806790466041e-03
4.335571051829184e+01	7.044599049487228e-03
4.436687330978610e+01	6.617683779103887e-03
4.540161892759512e+01	6.216434646160795e-03
4.646049738176823e+01	5.839321285414392e-03
4.754407150995464e+01	5.484903377697897e-03
4.865291727657461e+01	5.151825769412624e-03
4.978762407896845e+01	4.838813599679368e-03
5.094879506068531e+01	4.544667578986872e-03
5.213704743207929e+01	4.268259543408639e-03
5.335301279838202e+01	4.008528268423146e-03
5.459733749542694e+01	3.764475527287652e-03
5.587068293320365e+01	3.535162379782068e-03
5.717372594742420e+01	3.319705675680750e-03
5.850715915928990e+01	3.117274594793132e-03
5.987169134364763e+01	2.927087485342014e-03
6.126804780573325e+01	2.748409263243063e-03
6.269697076670079e+01	2.580548683178368e-03
6.415921975814433e+01	2.422855739295876e-03
6.565557202582008e+01	2.274719219275845e-03
6.718682294278454e+01	2.135564402750536e-03
6.875378643216847e+01	2.004850895591498e-03
7.035729539981000e+01	1.882070592076090e-03
7.199820217697938e+01	1.766745740915886e-03
7.367737897342761e+01	1.658426946670828e-03
7.539571834100239e+01	1.556691591605930e-03
7.715413364807569e+01	1.461142410596103e-03
7.895355956503752e+01	1.371405979241754e-03
8.079495256111146e+01	1.287131288384463e-03
8.267929141275758e+01	1.207988403705547e-03
8.460757772393281e+01	1.133667205328117e-03
8.658083645848416e+01	1.063876202647181e-03
8.860011648496031e+01	9.983414198979953e-04
9.066649113412795e+01	9.368053035928667e-04
9.278105876949174e+01	8.790255945121926e-04
9.494494337111927e+01	8.247745917332923e-04
9.715929513308383e+01	7.738383410075255e-04
9.942529107483952e+01	7.260158055901930e-04
1.017441356668558e+02	6.811180871924321e-04
1.041170614708435e+02	6.389676940176499e-04
1.065453297949117e+02	5.993978530216854e-04
1.090302313640059e+02	5.622518637113718e-04
1.115730870059814e+02	5.273824901527342e-04
1.141752483536777e+02	4.946513147599314e-04
1.168380985633668e+02	4.639281651866108e-04
1.195630530499591e+02	4.350907598886837e-04
1.223515602393538e+02	4.080242438529646e-04
1.252051023383377e+02	3.826207365253611e-04
1.281251961224392e+02	3.587789074554550e-04
1.311133937421565e+02	3.364035779384966e-04
1.341712835479912e+02	3.154053470441035e-04
1.373004909347210e+02	2.957002405222131e-04
1.405026792053646e+02	2.772093752081642e-04
1.437795504552955e+02	2.598585711286150e-04
1.471328464769771e+02	2.435781050143099e-04
1.505643496857963e+02	2.283025111649274e-04
1.540758840674916e+02	2.139703216564296e-04
1.576693161476766e+02	2.005238208081318e-04
1.613465559839748e+02	1.879088149204460e-04
1.651095581812957e+02	1.760744163161645e-04
1.689603229307868e+02	1.649728407807292e-04
1.729008970730186e+02	1.545592175554395e-04
1.769333751859644e+02	1.447913976502262e-04
1.810599006983548e+02	1.356297390260642e-04
1.852826670289995e+02	1.270370106812714e-04
1.896039187526796e+02	1.189782665679291e-04
1.940259527932320e+02	1.114207040668163e-04
1.985511196444583e+02	1.043335313803450e-04
2.031818246195111e+02	9.768784327630065e-05
2.079205291294160e+02	9.145650464344426e-05
2.127697519914139e+02	8.561404135584075e-05
2.177320707678165e+02	8.013653786610534e-05
2.228101231360858e+02	7.500152807018775e-05
2.280066082908710e+02	7.018789741721831e-05
2.333242883787400e+02	6.567582650525997e-05
2.387659899663761e+02	6.144671398934595e-05
2.443346055430123e+02	5.748310104624077e-05
2.500330950579121e+02	5.376860061930661e-05
2.558644874937031e+02	5.028783113230191e-05
2.618318824764061e+02	4.702635438186742e-05
2.679384519230159e+02	4.397061733791501e-05
2.741874417275037e+02	4.110789778777099e-05
2.805821734861466e+02	3.842625598019397e-05
2.871260462630921e+02	3.591448526967100e-05
2.938225383971013e+02	3.356206441225454e-05
3.006752093504280e+02	3.135911556312252e-05
3.076877016008232e+02	2.929636495890165e-05
3.148637425776602e+02	2.736510603121452e-05
3.222071466432176e+02	2.555716479773587e-05
3.297218171201718e+02	2.386486738703894e-05
3.374117483663713e+02	2.228100956284690e-05
3.452810278980066e+02	2.079883291630995e-05
3.533338385622916e+02	1.941201671882122e-05
3.615744607608211e+02	1.811462948865641e-05
3.700072747247785e+02	1.690109650507031e-05
3.786367628432131e+02	1.576617902830940e-05
3.874675120456131e+02	1.470495470209572e-05
3.965042162400486e+02	1.371279906498575e-05
4.057516788081781e+02	1.278536810949729e-05
4.152148151584418e+02	1.191858183119685e-05
4.248986553388086e+02	1.110860880101648e-05
4.348083467104511e+02	1.035186553067550e-05
4.449491566837828e+02	9.645012676315055e-06
4.553264755183010e+02	8.984910388269261e-06
4.659458191877372e+02	8.368603623660401e-06
4.768128323120215e+02	7.793312329704590e-06
4.879332911576330e+02	7.256422062334781e-06
4.993131067079240e+02	6.755475027868587e-06
5.109583278050489e+02	6.288161535172869e-06
5.228751443651792e+02	5.852311845576388e-06
5.350698906686954e+02	5.445889194665963e-06
5.475490487271213e+02	5.066995334659981e-06
5.603192517285772e+02	4.713857336126943e-06
5.733872875635984e+02	4.384807102254647e-06
5.867601024331764e+02	4.078275681647843e-06
6.004448045409522e+02	3.792788255898346e-06
6.144486678715218e+02	3.526959295237037e-06
6.287791360568551e+02	3.279487885408248e-06
6.434438263328996e+02	3.049153227705364e-06
6.584505335884529e+02	2.834810313027443e-06
6.738072345084698e+02	2.635385379003392e-06
6.895220918139950e+02	2.449870254312671e-06
7.056034586009939e+02	2.277320571973774e-06
7.220598827803639e+02	2.116852967538050e-06
7.389001116215028e+02	1.967641463515128e-06
7.561330964018458e+02	1.828914035004013e-06
7.737679971648332e+02	1.699949351912159e-06
7.918141875888609e+02	1.580073691498061e-06
8.102812599697717e+02	1.468658014903744e-06
8.291790303195601e+02	1.365115187961125e-06
8.485175435839822e+02	1.268894436991755e-06
8.683070789818680e+02	1.179476393926276e-06
8.885581554689458e+02	1.096377834348535e-06
9.092815373291023e+02	1.019150077942675e-06
9.304882398960468e+02	9.473764995969298e-07
9.521895354084070e+02	8.806702214870289e-07
9.743969590014086e+02	8.186719728424589e-07
9.971223148382543e+02	7.610481050867107e-07
1.020377682384534e+03	7.074887509565851e-07
1.044175422828971e+03	6.577061664979287e-07
1.068528185653880e+03	6.114340654960557e-07
1.093448915358917e+03	5.684257700534920e-07
1.118950858341590e+03	5.284518099486726e-07
1.145047569938281e+03	4.912987032176288e-07
1.171752921629476e+03	4.567678592245553e-07
1.199081108413005e+03	4.246745552771939e-07
1.227046656349286e+03	3.948469820158863e-07
1.255664430282537e+03	3.671253531004718e-07
1.284949641742023e+03	3.413610749974054e-07
1.314917857027651e+03	3.174159250579286e-07
1.345585005484066e+03	2.951611021512082e-07
1.376967387967775e+03	2.744768145098590e-07
1.409081685511733e+03	2.552517738046527e-07
1.441944968191975e+03	2.373825921374573e-07
1.475574704201101e+03	2.207732213778106e-07
1.509988769133306e+03	2.053344321867323e-07
1.545205455486019e+03	1.909833299319837e-07
1.581243482383129e+03	1.776429048944894e-07
1.618122005524941e+03	1.652416143075292e-07
1.655860627370262e+03	1.537129812399794e-07
1.694479407555882e+03	1.429952208450954e-07
1.733998873559114e+03	1.330309380703215e-07
1.774440031609016e+03	1.237668195634171e-07
1.815824377852035e+03	1.151533424701539e-07
1.858173909778110e+03	1.071445040435332e-07
1.901511137913270e+03	9.969757057671947e-08
1.945859097784864e+03	9.277284427812223e-08
1.991241362165946e+03	8.633344680572945e-08
2.037682053605133e+03	8.034511799334376e-08
2.085205857248754e+03	7.477602337803637e-08
2.133838033962048e+03	6.959658288131513e-08
2.183604433756308e+03	6.477931687251938e-08
2.234531509529288e+03	6.029869651079843e-08
2.286646331125959e+03	5.613100450775599e-08
2.339976599727272e+03	5.225420587073725e-08
2.394550662574504e+03	4.864782790903745e-08
2.450397528036933e+03	4.529284883703750e-08
2.507546881031051e+03	4.217159435626829e-08
2.566029098799262e+03	3.926764169979013e-08
2.625875267056670e+03	3.656573079351391e-08
2.687117196514445e+03	3.405168117287230e-08
2.749787439788471e+03	3.171231497476613e-08
2.813919308702474e+03	2.953538561883472e-08
2.879546891994575e+03	2.750951158731940e-08
2.946705073436883e+03	2.562411493703110e-08
3.015429550377697e+03	2.386936420396302e-08
3.085756852716059e+03	2.223612138550948e-08
3.157724362318935e+03	2.071589270563720e-08
3.231370332891254e+03	1.930078175959265e-08
3.306733910309256e+03	1.798344569668558e-08
3.383855153428236e+03	1.675705888739884e-08
3.462775055375395e+03	1.561527667319100e-08
3.543535565339418e+03	1.455220118582663e-08
3.626179610868238e+03	1.356234961456908e-08
3.710751120686716e+03	1.264062474470320e-08
3.797295048046672e+03	1.178228760366587e-08
3.885857394621307e+03	1.098293206294126e-08
3.976485234957030e+03	1.023846121630379e-08
4.069226741495569e+03	9.545064546454901e-09
4.164131210179514e+03	8.899197831171790e-09
4.261249086655263e+03	8.297565441372672e-09
4.360631993086866e+03	7.737102776352208e-09
4.462332755595377e+03	7.214959897885057e-09
4.566405432338173e+03	6.728486335367430e-09
4.672905342243003e+03	6.275216977393549e-09
4.781889094412328e+03	5.852858971334340e-09
4.893414618213450e+03	5.459279558199290e-09
5.007541194070245e+03	5.092494611524738e-09
5.124329484973302e+03	4.750657183737999e-09
5.243841568724674e+03	4.432048733371227e-09
5.366140970934857e+03	4.135070650971891e-09
5.491292698789332e+03	3.858235780732562e-09
5.619363275602432e+03	3.600160546676793e-09
5.750420776177394e+03	3.359557642586847e-09
5.884534862990788e+03	3.135229244764967e-09
6.021776823221060e+03	2.926060709728009e-09
6.162219606640678e+03	2.731014721566611e-09
6.305937864391801e+03	2.549125723554526e-09
6.453007988666620e+03	2.379494683754534e-09
6.603508153312809e+03	2.221284791049433e-09
6.757518355386217e+03	2.073717152827114e-09
6.915120457672690e+03	1.936066727848743e-09
7.076398232201374e+03	1.807658549027512e-09
7.241437404773078e+03	1.687864215133560e-09
7.410325700527164e+03	1.576098631983002e-09
7.583152890570903e+03	1.471816985096811e-09
7.760010839696726e+03	1.374511916156889e-09
7.940993555211989e+03	1.283710602947859e-09
8.126197236907800e+03	1.198972384405394e-09
8.315720328193285e+03	1.119886914993746e-09
8.509663568422118e+03	1.046072063095247e-09
8.708130046439888e+03	9.771719366430726e-10
8.911225255379872e+03	9.128550495610816e-10
9.119057148737073e+03	8.528126187673142e-10
9.331736197750075e+03	7.967569822583202e-10
9.549375450120839e+03	7.444201294943855e-10
9.772090590104483e+03	6.955523944030116e-10
1.000000000000002e+04	6.499215674357767e-10
